nb_qbits = 10
nb_gates = 25
h : [0, 1, 2, 3, 4, 5, 6, 7, 8, 9]
sxdg : [2]
tdg : [5]
cs : [2, 1]
ecr : [8, 5]
id : [1]
cswap : [5, 8, 0]
sdg : [7]
rcccx : [0, 7, 6, 2]
iswap : [8, 4]
csx : [6, 9]
cswap : [5, 4, 9]
sxdg : [0]
cx : [9, 3]
sxdg : [0]
h : [7]
h : [9]
swap : [3, 5]
h : [3]
x : [8]
csx : [7, 0]
x : [6]
x : [6]
h : [9]
csdg : [3, 0]
rccx : [1, 4, 5]
Duree d'execution moyen: 7.937106379972647 ms
Temps simulation moyen : 7.715106010437012 ms
