nb_qbits = 10
nb_gates = 25
h : [0, 1, 2, 3, 4, 5, 6, 7, 8, 9]
s : [3]
ccz : [6, 4, 5]
c3sx : [9, 1, 3, 4]
y : [3]
t : [8]
cy : [9, 7]
cx : [7, 4]
h : [6]
c3sx : [9, 3, 6, 0]
ecr : [0, 7]
swap : [3, 5]
z : [8]
ch : [4, 1]
z : [6]
iswap : [1, 0]
csdg : [1, 2]
h : [3]
ch : [0, 8]
c3sx : [4, 3, 0, 6]
rcccx : [8, 4, 5, 3]
x : [6]
iswap : [0, 9]
x : [0]
iswap : [0, 6]
z : [1]
Duree d'execution moyen: 32.99552135984413 ms
Temps simulation moyen : 32.30033874511719 ms
