nb_qbits = 10
nb_gates = 25
h : [0, 1, 2, 3, 4, 5, 6, 7, 8, 9]
tdg : [2]
x : [1]
ccz : [5, 4, 1]
ccz : [8, 9, 0]
swap : [8, 5]
cswap : [5, 3, 9]
csdg : [1, 0]
c3sx : [9, 8, 3, 7]
cx : [4, 8]
sx : [3]
sdg : [6]
ch : [5, 7]
ecr : [6, 4]
csx : [3, 1]
rcccx : [8, 5, 2, 7]
sdg : [6]
t : [3]
h : [3]
x : [2]
iswap : [0, 1]
h : [1]
swap : [6, 3]
id : [0]
cy : [0, 6]
cy : [6, 5]
Durée d'exécution moyen: 13.47587760000124 ms
Temps simulation moyen : 13.125576972961426 ms
