nb_qbits = 10
nb_gates = 25
h : [0, 1, 2, 3, 4, 5, 6, 7, 8, 9]
h : [8]
tdg : [3]
ccx : [4, 5, 3]
cx : [4, 2]
ccz : [9, 1, 5]
sx : [0]
csx : [3, 0]
rcccx : [2, 3, 7, 4]
s : [5]
cs : [1, 3]
h : [7]
ccz : [6, 1, 7]
swap : [2, 1]
s : [7]
sdg : [0]
dcx : [4, 6]
cs : [4, 8]
ch : [7, 0]
z : [3]
sdg : [1]
sdg : [3]
ecr : [7, 1]
x : [4]
z : [4]
swap : [0, 9]
Duree d'execution moyen: 7.121918341798027 ms
Temps simulation moyen : 6.9085221767425535 ms
