nb_qbits = 10
nb_gates = 25
h : [0, 1, 2, 3, 4, 5, 6, 7, 8, 9]
swap : [3, 2]
cs : [3, 5]
cy : [8, 4]
sx : [3]
csdg : [3, 7]
cz : [2, 6]
ccz : [9, 0, 7]
sx : [9]
tdg : [5]
c3sx : [2, 9, 7, 4]
sxdg : [6]
h : [7]
t : [4]
id : [9]
ecr : [5, 9]
ch : [5, 9]
csdg : [9, 4]
x : [5]
cz : [8, 7]
rccx : [0, 5, 2]
iswap : [6, 8]
cs : [1, 8]
ccz : [3, 8, 2]
ecr : [5, 1]
c3sx : [1, 3, 5, 8]
Duree d'execution moyen: 7.264437670019106 ms
Temps simulation moyen : 6.845877170562744 ms
