nb_qbits = 10
nb_gates = 25
h : [0, 1, 2, 3, 4, 5, 6, 7, 8, 9]
rccx : [3, 0, 6]
tdg : [5]
t : [8]
sxdg : [2]
sx : [8]
rcccx : [5, 9, 4, 1]
sx : [4]
cz : [7, 5]
ccz : [6, 2, 7]
sdg : [7]
sxdg : [1]
cz : [7, 9]
csdg : [2, 0]
cy : [1, 0]
s : [1]
z : [7]
cs : [0, 5]
z : [8]
sxdg : [0]
ch : [1, 7]
ccx : [3, 0, 5]
y : [3]
cy : [7, 8]
sx : [5]
cy : [7, 1]
Duree d'execution moyen: 9.740621969976928 ms
Temps simulation moyen : 9.427788257598877 ms
