nb_qbits = 10
nb_gates = 25
h : [0, 1, 2, 3, 4, 5, 6, 7, 8, 9]
reset : [0]
ccz : [1, 4, 3]
csx : [2, 7]
swap : [8, 1]
rcccx : [5, 4, 1, 7]
z : [5]
swap : [7, 6]
sx : [3]
sdg : [8]
sdg : [2]
sdg : [9]
dcx : [7, 1]
t : [5]
cswap : [1, 6, 5]
ccz : [4, 3, 5]
swap : [9, 6]
rccx : [3, 5, 1]
cswap : [5, 3, 8]
swap : [9, 5]
sx : [8]
csx : [1, 4]
cz : [1, 3]
ch : [9, 0]
swap : [4, 6]
cz : [5, 1]
Duree d'execution moyen: 101.25281151199306 ms
Temps simulation moyen : 100.93902277946472 ms
