nb_qbits = 10
nb_gates = 25
h : [0, 1, 2, 3, 4, 5, 6, 7, 8, 9]
cs : [6, 3]
h : [1]
cy : [2, 0]
iswap : [7, 3]
s : [0]
sx : [8]
rcccx : [6, 4, 7, 5]
ecr : [6, 0]
id : [6]
rccx : [3, 2, 9]
ccx : [5, 8, 4]
sdg : [0]
y : [0]
x : [6]
rccx : [1, 4, 9]
ccx : [1, 4, 2]
sx : [2]
cs : [8, 9]
ch : [8, 7]
rcccx : [9, 4, 1, 7]
sdg : [7]
swap : [5, 8]
c3sx : [8, 9, 5, 1]
csdg : [7, 9]
y : [0]
Duree d'execution moyen: 13.393384428010904 ms
Temps simulation moyen : 13.086474895477295 ms
