nb_qbits = 10
nb_gates = 25
h : [0, 1, 2, 3, 4, 5, 6, 7, 8, 9]
x : [6]
csdg : [1, 0]
ecr : [4, 7]
dcx : [2, 6]
ccx : [6, 1, 3]
cx : [8, 0]
sxdg : [5]
cs : [6, 3]
y : [3]
ccz : [2, 3, 8]
t : [8]
cz : [7, 8]
cs : [3, 2]
csx : [3, 0]
s : [1]
rcccx : [2, 6, 3, 9]
ccx : [4, 7, 1]
sxdg : [3]
z : [3]
dcx : [1, 5]
reset : [5]
tdg : [0]
y : [0]
ccz : [5, 9, 2]
cs : [4, 0]
Duree d'execution moyen: 60.78279399778694 ms
Temps simulation moyen : 60.61758518218994 ms
