nb_qbits = 10
nb_gates = 25
h : [0, 1, 2, 3, 4, 5, 6, 7, 8, 9]
dcx : [4, 8]
cy : [9, 6]
rcccx : [7, 4, 5, 0]
c3sx : [4, 1, 6, 3]
cs : [6, 3]
y : [3]
id : [1]
tdg : [4]
cz : [8, 1]
swap : [7, 2]
id : [6]
cy : [9, 5]
id : [6]
swap : [2, 1]
t : [3]
iswap : [3, 1]
iswap : [0, 9]
sxdg : [8]
x : [3]
s : [5]
sx : [8]
tdg : [4]
reset : [4]
x : [6]
sdg : [3]
Duree d'execution moyen: 67.73751661999768 ms
Temps simulation moyen : 67.50382423400879 ms
