nb_qbits = 10
nb_gates = 25
h : [0, 1, 2, 3, 4, 5, 6, 7, 8, 9]
rccx : [2, 4, 7]
iswap : [7, 0]
tdg : [8]
id : [7]
ch : [6, 3]
swap : [1, 3]
t : [2]
swap : [5, 0]
cswap : [2, 6, 4]
h : [0]
swap : [7, 2]
h : [9]
sx : [0]
cx : [7, 9]
y : [2]
swap : [5, 1]
ch : [3, 5]
cswap : [8, 6, 4]
ecr : [6, 3]
csdg : [7, 8]
ccz : [5, 2, 6]
ch : [4, 0]
csdg : [3, 0]
reset : [9]
rcccx : [1, 3, 2, 5]
Duree d'execution moyen: 73.75188840997453 ms
Temps simulation moyen : 73.47887516021729 ms
