nb_qbits = 10
nb_gates = 25
h : [0, 1, 2, 3, 4, 5, 6, 7, 8, 9]
cy : [5, 6]
iswap : [3, 5]
h : [3]
sx : [3]
c3sx : [7, 8, 9, 6]
ccz : [6, 9, 8]
cx : [8, 4]
y : [2]
csdg : [7, 2]
cs : [8, 0]
swap : [8, 0]
swap : [8, 4]
cs : [8, 0]
rcccx : [6, 4, 9, 3]
tdg : [2]
csdg : [1, 2]
ccx : [5, 2, 4]
id : [7]
reset : [8]
ccx : [7, 0, 3]
ccx : [3, 0, 5]
sx : [5]
rcccx : [7, 4, 8, 2]
reset : [7]
csdg : [8, 1]
Duree d'execution moyen: 11.853803930030153 ms
Temps simulation moyen : 10.620975494384766 ms
