nb_qbits = 10
nb_gates = 25
h : [0, 1, 2, 3, 4, 5, 6, 7, 8, 9]
t : [1]
cx : [6, 9]
rccx : [3, 2, 8]
swap : [1, 7]
z : [6]
dcx : [2, 7]
swap : [2, 9]
x : [5]
tdg : [9]
iswap : [8, 4]
ccz : [4, 5, 1]
cy : [0, 1]
id : [2]
cy : [9, 4]
sdg : [9]
csdg : [7, 4]
reset : [8]
y : [0]
cx : [5, 8]
sdg : [2]
reset : [2]
iswap : [3, 1]
x : [4]
tdg : [1]
rccx : [9, 6, 1]
Duree d'execution moyen: 97.6613167999858 ms
Temps simulation moyen : 97.09876298904419 ms
