nb_qbits = 10
nb_gates = 25
h : [0, 1, 2, 3, 4, 5, 6, 7, 8, 9]
h : [7]
t : [5]
y : [0]
h : [3]
ccx : [6, 9, 2]
tdg : [2]
x : [0]
t : [7]
sx : [2]
t : [2]
csdg : [2, 5]
x : [5]
sx : [6]
y : [2]
t : [5]
t : [3]
reset : [6]
rccx : [1, 4, 3]
csdg : [3, 9]
x : [4]
y : [4]
csx : [6, 1]
s : [4]
cz : [4, 7]
ccz : [2, 5, 4]
Duree d'execution moyen: 93.84275511009037 ms
Temps simulation moyen : 93.55293273925781 ms
