nb_qbits = 10
nb_gates = 25
h : [0, 1, 2, 3, 4, 5, 6, 7, 8, 9]
cy : [5, 3]
cz : [3, 1]
tdg : [6]
cs : [5, 0]
tdg : [5]
x : [6]
x : [3]
ccx : [0, 2, 4]
z : [2]
t : [1]
x : [6]
tdg : [7]
cy : [3, 7]
sxdg : [4]
iswap : [4, 9]
tdg : [9]
ccz : [2, 4, 5]
z : [0]
iswap : [5, 1]
y : [0]
id : [6]
sdg : [2]
sdg : [1]
reset : [3]
cs : [4, 6]
Duree d'execution moyen: 62.43408926999109 ms
Temps simulation moyen : 62.021167278289795 ms
