nb_qbits = 10
nb_gates = 25
h : [0, 1, 2, 3, 4, 5, 6, 7, 8, 9]
t : [8]
ccz : [6, 4, 5]
cx : [0, 5]
csx : [7, 9]
rccx : [5, 4, 9]
ccz : [2, 1, 8]
cs : [8, 1]
ccx : [7, 9, 1]
sx : [6]
rccx : [8, 2, 3]
cswap : [6, 4, 3]
ccx : [1, 7, 2]
t : [1]
x : [4]
cswap : [6, 4, 9]
sdg : [9]
h : [8]
dcx : [3, 9]
c3sx : [1, 7, 0, 4]
csdg : [7, 6]
csdg : [8, 2]
t : [2]
y : [9]
x : [6]
ccx : [8, 2, 9]
Duree d'execution moyen: 9.305133810012194 ms
Temps simulation moyen : 8.597655296325684 ms
