nb_qbits = 10
nb_gates = 25
h : [0, 1, 2, 3, 4, 5, 6, 7, 8, 9]
x : [3]
cz : [3, 7]
y : [4]
s : [8]
reset : [8]
rcccx : [4, 3, 0, 1]
x : [2]
sx : [9]
cx : [2, 4]
sxdg : [3]
tdg : [2]
csx : [0, 5]
tdg : [2]
x : [9]
iswap : [4, 9]
swap : [3, 9]
ccz : [0, 8, 1]
id : [4]
t : [6]
sxdg : [5]
cswap : [9, 8, 7]
dcx : [6, 5]
x : [4]
iswap : [1, 0]
cz : [5, 0]
Duree d'execution moyen: 1599.8426350199952 ms
Temps simulation moyen : 1599.096736907959 ms
