nb_qbits = 10
nb_gates = 25
h : [0, 1, 2, 3, 4, 5, 6, 7, 8, 9]
reset : [4]
c3sx : [7, 2, 5, 8]
rcccx : [5, 9, 4, 7]
reset : [8]
reset : [2]
ecr : [8, 6]
s : [7]
cs : [5, 2]
t : [5]
sxdg : [8]
ch : [3, 1]
cx : [6, 3]
iswap : [9, 2]
sxdg : [5]
x : [2]
c3sx : [2, 9, 4, 5]
ch : [6, 0]
ecr : [1, 7]
sx : [6]
reset : [7]
t : [6]
cs : [2, 7]
ccx : [7, 3, 2]
csdg : [9, 6]
ccx : [9, 7, 2]
Duree d'execution moyen: 111.506186229999 ms
Temps simulation moyen : 111.12715482711792 ms
