nb_qbits = 10
nb_gates = 25
h : [0, 1, 2, 3, 4, 5, 6, 7, 8, 9]
id : [9]
csdg : [2, 9]
swap : [9, 3]
z : [7]
csx : [0, 7]
cy : [7, 9]
rcccx : [5, 4, 9, 3]
x : [4]
csdg : [4, 2]
cx : [2, 6]
swap : [7, 4]
iswap : [2, 6]
rcccx : [3, 5, 8, 2]
cz : [7, 1]
s : [5]
csdg : [8, 5]
rcccx : [3, 4, 5, 1]
cs : [5, 3]
ecr : [9, 5]
z : [3]
cs : [0, 8]
x : [1]
cy : [8, 0]
ch : [6, 3]
sdg : [0]
Duree d'execution moyen: 10.962740609995762 ms
Temps simulation moyen : 10.715649127960205 ms
