nb_qbits = 10
nb_gates = 25
h : [0, 1, 2, 3, 4, 5, 6, 7, 8, 9]
reset : [7]
cswap : [3, 0, 8]
dcx : [8, 0]
tdg : [0]
ccz : [0, 9, 5]
swap : [7, 8]
tdg : [8]
rccx : [9, 7, 6]
cx : [6, 4]
cswap : [8, 0, 5]
s : [3]
z : [9]
reset : [0]
z : [8]
c3sx : [7, 1, 0, 3]
ecr : [6, 3]
x : [5]
h : [1]
c3sx : [6, 5, 4, 2]
cs : [7, 9]
x : [8]
z : [7]
iswap : [9, 2]
rccx : [7, 9, 4]
cs : [9, 3]
Duree d'execution moyen: 171.7124110199802 ms
Temps simulation moyen : 171.35682106018066 ms
