nb_qbits = 10
nb_gates = 25
h : [0, 1, 2, 3, 4, 5, 6, 7, 8, 9]
iswap : [3, 1]
h : [9]
x : [6]
ecr : [4, 1]
s : [6]
s : [5]
cx : [5, 8]
z : [7]
csx : [2, 8]
rcccx : [9, 8, 7, 1]
cy : [7, 2]
iswap : [0, 5]
sdg : [5]
c3sx : [6, 5, 9, 0]
csx : [2, 4]
ccx : [7, 0, 4]
rcccx : [7, 9, 3, 0]
ch : [1, 5]
s : [2]
s : [9]
c3sx : [6, 1, 7, 4]
cswap : [6, 4, 0]
reset : [8]
sx : [4]
t : [3]
Durée d'exécution moyen: 165.49816892000422 ms
Temps simulation moyen : 165.15940189361572 ms
