nb_qbits = 10
nb_gates = 25
h : [0, 1, 2, 3, 4, 5, 6, 7, 8, 9]
x : [9]
sdg : [5]
ecr : [1, 3]
rccx : [3, 4, 7]
dcx : [0, 7]
sx : [4]
id : [0]
sxdg : [4]
csx : [1, 0]
sx : [9]
ccx : [1, 5, 2]
rcccx : [6, 4, 9, 2]
cswap : [7, 9, 0]
h : [4]
sxdg : [5]
dcx : [4, 6]
sx : [3]
rccx : [2, 6, 0]
rcccx : [0, 3, 4, 1]
cs : [2, 8]
cx : [5, 1]
cy : [7, 1]
iswap : [1, 0]
y : [9]
ccx : [7, 6, 9]
Duree d'execution moyen: 10.098118890002752 ms
Temps simulation moyen : 9.848847389221191 ms
