nb_qbits = 10
nb_gates = 25
h : [0, 1, 2, 3, 4, 5, 6, 7, 8, 9]
sdg : [7]
iswap : [1, 2]
t : [9]
cs : [0, 2]
c3sx : [1, 6, 3, 4]
csx : [0, 3]
sxdg : [0]
dcx : [7, 3]
csdg : [2, 6]
ecr : [7, 0]
x : [1]
x : [4]
h : [9]
t : [6]
cs : [1, 8]
id : [4]
sx : [8]
ccz : [0, 4, 6]
h : [4]
id : [6]
reset : [1]
id : [5]
id : [7]
csx : [8, 0]
s : [0]
Duree d'execution moyen: 109.74951238001722 ms
Temps simulation moyen : 109.20082092285156 ms
