nb_qbits = 10
nb_gates = 25
h : [0, 1, 2, 3, 4, 5, 6, 7, 8, 9]
x : [6]
h : [3]
reset : [8]
swap : [2, 4]
cy : [1, 0]
rcccx : [5, 8, 0, 9]
z : [3]
t : [5]
x : [8]
x : [5]
cswap : [4, 8, 3]
dcx : [6, 3]
x : [1]
cy : [1, 8]
csdg : [9, 0]
sx : [7]
rccx : [7, 3, 5]
x : [7]
t : [8]
z : [9]
s : [3]
cswap : [1, 2, 4]
csx : [8, 6]
id : [4]
cx : [9, 0]
Duree d'execution moyen: 68.06544291000364 ms
Temps simulation moyen : 67.71438360214233 ms
