nb_qbits = 10
nb_gates = 25
h : [0, 1, 2, 3, 4, 5, 6, 7, 8, 9]
x : [2]
h : [0]
tdg : [5]
iswap : [4, 6]
rccx : [0, 1, 3]
ccx : [4, 8, 1]
cx : [4, 5]
ch : [3, 4]
swap : [1, 4]
ccz : [5, 4, 2]
iswap : [3, 9]
ch : [5, 3]
csx : [9, 2]
cz : [1, 7]
t : [4]
cy : [7, 6]
swap : [6, 0]
cy : [4, 5]
s : [1]
x : [8]
csx : [0, 7]
ccz : [6, 7, 9]
z : [9]
cs : [5, 8]
dcx : [1, 7]
Duree d'execution moyen: 8.268065137966914 ms
Temps simulation moyen : 7.987847328186035 ms
