nb_qbits = 10
nb_gates = 25
h : [0, 1, 2, 3, 4, 5, 6, 7, 8, 9]
sx : [9]
ccz : [6, 3, 0]
cx : [9, 6]
sx : [8]
cswap : [7, 9, 6]
ch : [4, 3]
ch : [9, 2]
c3sx : [5, 0, 2, 3]
ccz : [5, 9, 1]
swap : [0, 8]
sx : [7]
sx : [9]
y : [1]
ccz : [8, 4, 6]
sx : [5]
ecr : [8, 7]
ccx : [5, 9, 4]
reset : [3]
t : [4]
sx : [4]
id : [2]
iswap : [0, 8]
sxdg : [9]
z : [7]
y : [4]
Duree d'execution moyen: 247.93440399691463 ms
Temps simulation moyen : 247.66876220703125 ms
