nb_qbits = 10
nb_gates = 25
h : [0, 1, 2, 3, 4, 5, 6, 7, 8, 9]
h : [5]
s : [7]
cswap : [1, 2, 0]
swap : [4, 2]
h : [6]
csdg : [4, 7]
ecr : [9, 3]
dcx : [5, 8]
ccz : [7, 6, 8]
t : [1]
z : [7]
reset : [1]
h : [3]
dcx : [1, 8]
cy : [5, 4]
c3sx : [4, 8, 1, 2]
csx : [1, 8]
y : [1]
sx : [6]
c3sx : [2, 3, 5, 0]
cy : [1, 6]
sx : [4]
csdg : [9, 7]
cs : [2, 4]
z : [8]
Duree d'execution moyen: 86.78341352999496 ms
Temps simulation moyen : 86.16724491119385 ms
