nb_qbits = 10
nb_gates = 25
h : [0, 1, 2, 3, 4, 5, 6, 7, 8, 9]
tdg : [8]
rcccx : [9, 3, 8, 2]
y : [8]
csx : [7, 2]
sxdg : [9]
z : [3]
ch : [2, 4]
z : [8]
h : [0]
s : [4]
z : [1]
cswap : [4, 8, 2]
csdg : [3, 1]
h : [8]
cz : [9, 7]
t : [3]
ch : [8, 3]
c3sx : [4, 3, 7, 6]
ccz : [2, 5, 9]
swap : [4, 7]
ccx : [3, 0, 9]
tdg : [2]
reset : [3]
cx : [6, 7]
iswap : [7, 0]
Duree d'execution moyen: 2486.6719522385392 ms
Temps simulation moyen : 2485.719337463379 ms
