nb_qbits = 10
nb_gates = 25
h : [0, 1, 2, 3, 4, 5, 6, 7, 8, 9]
ch : [4, 2]
rccx : [0, 4, 6]
iswap : [5, 9]
sxdg : [0]
tdg : [7]
csx : [3, 1]
cswap : [4, 1, 6]
rccx : [5, 8, 1]
s : [3]
sx : [2]
ecr : [5, 4]
x : [3]
t : [6]
cswap : [7, 8, 4]
dcx : [4, 7]
cy : [9, 2]
ch : [7, 5]
reset : [6]
ecr : [0, 4]
rcccx : [0, 1, 4, 6]
csdg : [7, 1]
cz : [7, 1]
ch : [2, 4]
ch : [2, 9]
csx : [5, 0]
Duree d'execution moyen: 129.68924837597297 ms
Temps simulation moyen : 129.3798313140869 ms
