nb_qbits = 10
nb_gates = 25
h : [0, 1, 2, 3, 4, 5, 6, 7, 8, 9]
rcccx : [5, 2, 6, 8]
ch : [2, 6]
sdg : [7]
s : [5]
tdg : [8]
csx : [7, 2]
t : [9]
sdg : [0]
iswap : [7, 9]
x : [1]
c3sx : [2, 6, 0, 5]
csdg : [2, 1]
dcx : [4, 0]
sxdg : [3]
rcccx : [7, 4, 2, 9]
ccx : [4, 3, 6]
reset : [2]
rcccx : [0, 7, 6, 8]
swap : [5, 7]
csx : [4, 3]
cy : [6, 3]
ch : [0, 9]
ccz : [4, 2, 6]
dcx : [5, 6]
dcx : [4, 7]
Durée d'exécution moyen: 105.2460242001689 ms
Temps simulation moyen : 104.89457130432129 ms
