nb_qbits = 10
nb_gates = 25
h : [0, 1, 2, 3, 4, 5, 6, 7, 8, 9]
sdg : [2]
y : [8]
rccx : [6, 1, 3]
ch : [9, 0]
cswap : [6, 3, 4]
reset : [0]
c3sx : [6, 9, 1, 0]
sdg : [8]
y : [4]
t : [6]
c3sx : [2, 3, 5, 8]
iswap : [9, 3]
dcx : [3, 6]
ccz : [4, 1, 6]
ccz : [5, 2, 3]
cy : [7, 0]
cs : [9, 6]
t : [6]
s : [3]
c3sx : [0, 4, 2, 8]
csdg : [9, 0]
cy : [5, 8]
tdg : [5]
h : [7]
dcx : [0, 1]
Duree d'execution moyen: 183.83801622003375 ms
Temps simulation moyen : 183.4246063232422 ms
