nb_qbits = 10
nb_gates = 25
h : [0, 1, 2, 3, 4, 5, 6, 7, 8, 9]
cs : [6, 4]
cx : [2, 8]
t : [8]
sx : [6]
swap : [6, 3]
sx : [3]
rccx : [2, 3, 8]
t : [8]
ccx : [7, 3, 2]
cs : [9, 1]
ccx : [8, 6, 2]
cs : [6, 5]
rcccx : [1, 9, 7, 8]
cz : [5, 3]
csdg : [7, 4]
cx : [3, 5]
cs : [8, 2]
ccx : [9, 2, 1]
s : [8]
ecr : [2, 1]
ccx : [9, 8, 6]
cy : [6, 2]
sdg : [3]
rccx : [7, 6, 4]
csdg : [7, 3]
Duree d'execution moyen: 8.100281560004987 ms
Temps simulation moyen : 7.878727912902832 ms
