nb_qbits = 10
nb_gates = 25
h : [0, 1, 2, 3, 4, 5, 6, 7, 8, 9]
dcx : [5, 1]
t : [2]
ecr : [2, 7]
csx : [7, 8]
rcccx : [0, 7, 9, 4]
y : [3]
z : [9]
ccz : [4, 7, 8]
reset : [0]
csx : [5, 2]
x : [9]
cz : [4, 3]
dcx : [8, 6]
t : [4]
ch : [1, 4]
y : [2]
s : [5]
tdg : [4]
sdg : [2]
t : [2]
ccx : [5, 6, 0]
cx : [5, 2]
ecr : [6, 5]
ecr : [9, 6]
t : [1]
Duree d'execution moyen: 99.73873689001994 ms
Temps simulation moyen : 99.43857264518738 ms
