nb_qbits = 10
nb_gates = 25
h : [0, 1, 2, 3, 4, 5, 6, 7, 8, 9]
sxdg : [2]
tdg : [4]
rcccx : [3, 7, 8, 0]
ecr : [2, 3]
c3sx : [0, 1, 6, 4]
c3sx : [7, 4, 9, 1]
rccx : [2, 1, 4]
cswap : [2, 5, 9]
dcx : [1, 7]
ccx : [8, 7, 3]
sx : [1]
ccx : [3, 7, 5]
sdg : [8]
csdg : [9, 6]
s : [8]
ccx : [4, 5, 6]
x : [7]
cs : [4, 7]
x : [9]
cy : [2, 9]
ccx : [6, 7, 3]
h : [9]
dcx : [2, 8]
h : [5]
ccz : [1, 9, 7]
Duree d'execution moyen: 13.282332379912987 ms
Temps simulation moyen : 12.980668544769287 ms
