nb_qbits = 10
nb_gates = 25
h : [0, 1, 2, 3, 4, 5, 6, 7, 8, 9]
reset : [2]
id : [8]
y : [9]
cswap : [8, 7, 3]
cz : [2, 6]
ccz : [7, 4, 6]
cs : [1, 3]
cswap : [2, 4, 5]
cz : [1, 6]
x : [9]
s : [0]
s : [5]
rccx : [3, 7, 4]
rcccx : [8, 0, 3, 9]
y : [2]
ch : [1, 5]
rcccx : [8, 1, 3, 7]
c3sx : [2, 6, 5, 0]
swap : [8, 5]
y : [1]
h : [7]
rccx : [2, 6, 4]
rcccx : [5, 2, 1, 9]
x : [0]
cy : [9, 7]
Duree d'execution moyen: 101.0640655700081 ms
Temps simulation moyen : 100.74452877044678 ms
