nb_qbits = 10
nb_gates = 25
h : [0, 1, 2, 3, 4, 5, 6, 7, 8, 9]
dcx : [2, 9]
sx : [6]
cx : [7, 6]
dcx : [4, 2]
reset : [8]
sxdg : [8]
swap : [8, 3]
ecr : [5, 4]
cy : [2, 0]
ch : [4, 3]
cy : [7, 6]
rccx : [6, 4, 2]
swap : [1, 6]
ecr : [9, 1]
cz : [3, 1]
id : [0]
sxdg : [3]
ccx : [4, 9, 1]
cswap : [3, 5, 6]
id : [3]
dcx : [0, 6]
sxdg : [1]
cz : [2, 3]
z : [2]
h : [1]
Duree d'execution moyen: 60.9769051100011 ms
Temps simulation moyen : 60.70727825164795 ms
