nb_qbits = 10
nb_gates = 25
h : [0, 1, 2, 3, 4, 5, 6, 7, 8, 9]
rcccx : [6, 1, 3, 4]
sdg : [3]
ecr : [5, 8]
cx : [5, 0]
cswap : [8, 1, 5]
sdg : [3]
cs : [0, 7]
sdg : [9]
dcx : [8, 2]
cy : [7, 8]
rccx : [2, 3, 8]
z : [3]
ecr : [1, 8]
cswap : [6, 0, 8]
csx : [5, 4]
y : [2]
cy : [6, 2]
cy : [3, 9]
cswap : [9, 6, 4]
h : [9]
sxdg : [9]
x : [1]
sx : [1]
tdg : [8]
iswap : [8, 2]
Duree d'execution moyen: 14.755938339512795 ms
Temps simulation moyen : 13.928608894348145 ms
