nb_qbits = 10
nb_gates = 25
h : [0, 1, 2, 3, 4, 5, 6, 7, 8, 9]
ecr : [0, 5]
cswap : [4, 1, 2]
ch : [0, 3]
x : [4]
ccz : [8, 9, 7]
sdg : [3]
iswap : [8, 2]
rcccx : [3, 4, 2, 9]
sx : [1]
tdg : [3]
sdg : [9]
t : [0]
tdg : [7]
reset : [3]
ch : [6, 9]
cx : [5, 8]
y : [3]
t : [4]
csdg : [7, 3]
csx : [4, 8]
sxdg : [1]
iswap : [1, 7]
sdg : [5]
sxdg : [9]
t : [8]
Duree d'execution moyen: 65.33509416000243 ms
Temps simulation moyen : 65.05868434906006 ms
