nb_qbits = 10
nb_gates = 25
h : [0, 1, 2, 3, 4, 5, 6, 7, 8, 9]
t : [9]
ccz : [8, 9, 4]
c3sx : [7, 9, 2, 0]
c3sx : [5, 2, 9, 1]
s : [5]
iswap : [5, 0]
x : [8]
cy : [9, 8]
rcccx : [7, 1, 8, 3]
y : [5]
cs : [6, 3]
reset : [6]
cs : [9, 1]
tdg : [0]
cx : [0, 4]
t : [4]
rccx : [3, 0, 5]
id : [1]
csdg : [5, 3]
iswap : [8, 5]
sx : [9]
ccz : [1, 6, 5]
h : [9]
cs : [5, 1]
dcx : [5, 3]
Duree d'execution moyen: 104.86591489996954 ms
Temps simulation moyen : 104.5478081703186 ms
