nb_qbits = 10
nb_gates = 25
h : [0, 1, 2, 3, 4, 5, 6, 7, 8, 9]
csdg : [2, 1]
sdg : [0]
rcccx : [7, 5, 4, 1]
z : [8]
csx : [7, 4]
rccx : [9, 4, 6]
swap : [5, 9]
sxdg : [0]
ccz : [3, 0, 5]
y : [4]
sx : [1]
csx : [8, 6]
ecr : [8, 3]
c3sx : [3, 7, 6, 0]
rccx : [6, 3, 1]
ecr : [9, 6]
id : [8]
ccx : [1, 2, 7]
id : [9]
c3sx : [9, 2, 3, 6]
id : [1]
s : [6]
ccz : [8, 0, 7]
y : [9]
ch : [5, 4]
Duree d'execution moyen: 12.737224820002666 ms
Temps simulation moyen : 12.48913049697876 ms
