nb_qbits = 10
nb_gates = 25
h : [0, 1, 2, 3, 4, 5, 6, 7, 8, 9]
h : [3]
ch : [3, 5]
rcccx : [8, 4, 9, 7]
cs : [8, 9]
cz : [6, 1]
cx : [6, 5]
h : [0]
reset : [3]
cswap : [6, 9, 0]
sxdg : [9]
h : [9]
c3sx : [1, 9, 8, 2]
rccx : [7, 8, 6]
csx : [4, 0]
dcx : [5, 8]
dcx : [7, 8]
sx : [0]
cs : [0, 4]
rccx : [9, 6, 3]
x : [6]
cs : [3, 2]
id : [9]
sdg : [9]
ecr : [0, 8]
cy : [4, 0]
Durée d'exécution moyen: 80.53444433979166 ms
Temps simulation moyen : 80.25381565093994 ms
