nb_qbits = 10
nb_gates = 25
h : [0, 1, 2, 3, 4, 5, 6, 7, 8, 9]
cswap : [8, 1, 0]
dcx : [9, 4]
sx : [6]
tdg : [1]
t : [5]
sx : [8]
rcccx : [5, 6, 2, 8]
z : [8]
ccx : [4, 9, 6]
id : [8]
y : [5]
x : [5]
ccx : [7, 9, 2]
y : [8]
cz : [0, 8]
tdg : [3]
sdg : [1]
rcccx : [7, 6, 4, 9]
reset : [2]
csx : [2, 3]
ecr : [8, 6]
cx : [1, 0]
sdg : [8]
ch : [6, 9]
t : [5]
Duree d'execution moyen: 95.8612550399539 ms
Temps simulation moyen : 95.4891848564148 ms
