nb_qbits = 10
nb_gates = 25
h : [0, 1, 2, 3, 4, 5, 6, 7, 8, 9]
cy : [5, 4]
tdg : [1]
tdg : [4]
csdg : [2, 1]
iswap : [7, 8]
swap : [0, 3]
csdg : [3, 4]
csdg : [4, 2]
cy : [6, 0]
dcx : [7, 1]
csdg : [3, 2]
t : [7]
rccx : [5, 0, 3]
cswap : [2, 7, 4]
z : [7]
x : [7]
dcx : [0, 2]
csdg : [9, 6]
cy : [3, 0]
ecr : [6, 0]
rccx : [2, 5, 8]
cswap : [0, 8, 1]
id : [3]
z : [8]
ccz : [9, 2, 3]
Duree d'execution moyen: 15.296081320848316 ms
Temps simulation moyen : 14.419021606445312 ms
