nb_qbits = 10
nb_gates = 25
h : [0, 1, 2, 3, 4, 5, 6, 7, 8, 9]
tdg : [9]
cy : [3, 8]
cy : [9, 2]
tdg : [7]
sx : [5]
cz : [1, 6]
s : [4]
cswap : [9, 6, 1]
sx : [5]
c3sx : [7, 1, 0, 6]
z : [2]
sdg : [2]
csdg : [0, 6]
iswap : [6, 3]
swap : [1, 0]
swap : [6, 5]
ccx : [2, 8, 6]
z : [0]
dcx : [4, 6]
csx : [9, 2]
ccz : [2, 8, 6]
s : [7]
ccx : [2, 6, 9]
cz : [7, 9]
rcccx : [6, 0, 9, 3]
Duree d'execution moyen: 10.060258069952397 ms
Temps simulation moyen : 9.803550243377686 ms
