nb_qbits = 10
nb_gates = 25
h : [0, 1, 2, 3, 4, 5, 6, 7, 8, 9]
cy : [1, 4]
sx : [9]
ccz : [3, 1, 6]
cs : [6, 5]
tdg : [8]
iswap : [9, 2]
t : [9]
csdg : [5, 1]
csx : [7, 0]
sdg : [8]
iswap : [3, 4]
sx : [6]
tdg : [3]
csdg : [3, 8]
reset : [7]
x : [4]
cx : [8, 7]
csdg : [7, 3]
cs : [2, 6]
x : [6]
y : [6]
z : [9]
tdg : [5]
reset : [5]
ch : [9, 8]
Duree d'execution moyen: 61.959325980005815 ms
Temps simulation moyen : 61.71865940093994 ms
