nb_qbits = 10
nb_gates = 25
h : [0, 1, 2, 3, 4, 5, 6, 7, 8, 9]
reset : [2]
csdg : [7, 8]
ccz : [9, 2, 7]
iswap : [8, 5]
s : [9]
x : [2]
csx : [9, 5]
x : [2]
cy : [4, 0]
cz : [2, 7]
dcx : [5, 1]
ccx : [2, 8, 3]
cy : [8, 0]
ch : [8, 6]
id : [4]
rcccx : [5, 6, 7, 9]
z : [3]
c3sx : [3, 9, 2, 6]
tdg : [5]
h : [5]
sxdg : [4]
cz : [9, 3]
cs : [9, 8]
iswap : [9, 6]
t : [8]
Duree d'execution moyen: 69.17067201342434 ms
Temps simulation moyen : 68.94132137298584 ms
