nb_qbits = 10
nb_gates = 25
h : [0, 1, 2, 3, 4, 5, 6, 7, 8, 9]
swap : [3, 2]
cswap : [5, 0, 6]
c3sx : [9, 4, 6, 1]
sx : [7]
tdg : [5]
sx : [0]
cx : [7, 2]
id : [5]
y : [4]
h : [9]
sdg : [1]
dcx : [4, 9]
sx : [2]
rccx : [9, 0, 7]
ch : [7, 6]
iswap : [5, 6]
cswap : [7, 8, 9]
id : [1]
sx : [0]
cs : [0, 2]
iswap : [2, 0]
cs : [2, 1]
csdg : [1, 9]
cx : [8, 3]
sx : [0]
Duree d'execution moyen: 9.506098596001493 ms
Temps simulation moyen : 9.288218021392822 ms
