nb_qbits = 10
nb_gates = 25
h : [0, 1, 2, 3, 4, 5, 6, 7, 8, 9]
y : [2]
y : [1]
reset : [2]
ccx : [0, 7, 4]
ccz : [0, 1, 6]
cswap : [7, 9, 3]
cz : [1, 6]
ch : [4, 9]
ch : [0, 8]
cswap : [2, 8, 5]
csx : [5, 4]
z : [8]
y : [5]
cx : [4, 1]
dcx : [4, 3]
rccx : [9, 8, 0]
csx : [8, 1]
sx : [3]
ecr : [1, 9]
tdg : [1]
csdg : [3, 5]
c3sx : [4, 9, 5, 8]
dcx : [9, 8]
z : [6]
rcccx : [0, 7, 6, 1]
Duree d'execution moyen: 116.85303363006824 ms
Temps simulation moyen : 116.3573956489563 ms
