nb_qbits = 10
nb_gates = 25
h : [0, 1, 2, 3, 4, 5, 6, 7, 8, 9]
ccz : [8, 5, 7]
c3sx : [9, 6, 1, 8]
rccx : [7, 9, 4]
cy : [8, 4]
c3sx : [2, 8, 4, 6]
csdg : [0, 6]
rcccx : [0, 7, 5, 9]
x : [5]
sx : [0]
ccx : [0, 6, 8]
reset : [4]
csx : [6, 5]
y : [4]
iswap : [4, 8]
t : [8]
tdg : [1]
rcccx : [0, 9, 8, 5]
s : [7]
cz : [2, 5]
sdg : [0]
ccx : [1, 7, 2]
ch : [4, 7]
sdg : [6]
csdg : [5, 7]
x : [6]
Duree d'execution moyen: 241.5751920011826 ms
Temps simulation moyen : 241.31473064422607 ms
