nb_qbits = 10
nb_gates = 25
h : [0, 1, 2, 3, 4, 5, 6, 7, 8, 9]
y : [6]
h : [4]
rccx : [1, 2, 0]
csdg : [4, 6]
h : [6]
t : [4]
id : [9]
x : [3]
rccx : [0, 9, 4]
swap : [2, 7]
cs : [3, 5]
swap : [1, 3]
dcx : [2, 6]
reset : [8]
swap : [5, 2]
swap : [1, 9]
z : [4]
csx : [0, 6]
h : [3]
s : [1]
csdg : [5, 6]
c3sx : [1, 8, 0, 7]
s : [9]
ch : [9, 7]
sxdg : [8]
Duree d'execution moyen: 108.5787743000219 ms
Temps simulation moyen : 108.08839321136475 ms
