nb_qbits = 10
nb_gates = 25
h : [0, 1, 2, 3, 4, 5, 6, 7, 8, 9]
t : [6]
ccz : [2, 5, 4]
cz : [8, 5]
rccx : [9, 7, 6]
id : [5]
tdg : [4]
x : [5]
cz : [2, 0]
id : [2]
y : [6]
h : [6]
cs : [5, 4]
cswap : [3, 7, 5]
sxdg : [1]
sx : [8]
cz : [5, 2]
rccx : [3, 5, 9]
swap : [2, 6]
ch : [9, 2]
csdg : [4, 5]
ccx : [9, 0, 3]
rcccx : [0, 7, 3, 9]
rcccx : [8, 4, 2, 0]
c3sx : [7, 8, 1, 9]
csx : [7, 0]
Duree d'execution moyen: 6.852753050006868 ms
Temps simulation moyen : 6.4081621170043945 ms
