nb_qbits = 10
nb_gates = 25
h : [0, 1, 2, 3, 4, 5, 6, 7, 8, 9]
iswap : [9, 5]
rccx : [7, 4, 9]
cs : [0, 6]
iswap : [3, 7]
ccz : [9, 2, 4]
sxdg : [0]
ch : [4, 9]
rcccx : [9, 8, 5, 4]
rcccx : [2, 0, 8, 1]
ccx : [6, 8, 4]
cswap : [7, 9, 4]
cs : [7, 0]
s : [5]
cz : [8, 7]
sdg : [4]
sdg : [3]
tdg : [4]
cx : [6, 3]
c3sx : [9, 8, 3, 1]
dcx : [9, 7]
sx : [4]
rcccx : [3, 2, 6, 1]
tdg : [4]
dcx : [0, 3]
tdg : [4]
Duree d'execution moyen: 7.821790005546063 ms
Temps simulation moyen : 7.66840934753418 ms
