nb_qbits = 10
nb_gates = 25
h : [0, 1, 2, 3, 4, 5, 6, 7, 8, 9]
swap : [9, 3]
sx : [2]
swap : [2, 7]
s : [1]
rccx : [4, 2, 1]
csdg : [1, 4]
cs : [9, 1]
h : [5]
tdg : [1]
swap : [7, 2]
iswap : [5, 3]
cx : [2, 7]
z : [4]
cz : [3, 1]
ch : [2, 1]
tdg : [9]
sx : [4]
csx : [0, 7]
cy : [1, 8]
ccx : [0, 7, 4]
iswap : [0, 6]
ccz : [0, 9, 8]
csx : [7, 3]
ccz : [2, 1, 8]
cx : [4, 9]
Duree d'execution moyen: 8.488386729989088 ms
Temps simulation moyen : 8.14760684967041 ms
