nb_qbits = 10
nb_gates = 25
h : [0, 1, 2, 3, 4, 5, 6, 7, 8, 9]
ch : [1, 3]
ccx : [5, 1, 4]
x : [1]
id : [2]
tdg : [1]
iswap : [4, 5]
cs : [6, 4]
x : [6]
sxdg : [3]
s : [7]
ch : [6, 1]
h : [0]
iswap : [9, 0]
ccx : [4, 2, 0]
iswap : [0, 3]
rccx : [8, 1, 3]
cswap : [6, 7, 5]
cswap : [6, 1, 0]
sx : [1]
t : [0]
dcx : [0, 3]
t : [0]
c3sx : [6, 3, 4, 7]
ccz : [0, 8, 9]
ecr : [7, 5]
Duree d'execution moyen: 9.22537484001623 ms
Temps simulation moyen : 8.972792625427246 ms
