nb_qbits = 10
nb_gates = 25
h : [0, 1, 2, 3, 4, 5, 6, 7, 8, 9]
ccz : [6, 0, 1]
cz : [6, 1]
cswap : [0, 2, 7]
reset : [2]
dcx : [0, 5]
c3sx : [8, 0, 6, 2]
z : [9]
cs : [0, 8]
sxdg : [1]
cs : [3, 6]
ch : [5, 0]
h : [5]
z : [6]
t : [8]
s : [0]
ch : [9, 5]
t : [5]
z : [7]
csdg : [7, 2]
c3sx : [2, 8, 4, 3]
t : [5]
sdg : [4]
rccx : [6, 0, 8]
c3sx : [9, 2, 6, 8]
t : [7]
Duree d'execution moyen: 116.09131882000179 ms
Temps simulation moyen : 115.76815438270569 ms
