nb_qbits = 10
nb_gates = 25
h : [0, 1, 2, 3, 4, 5, 6, 7, 8, 9]
z : [7]
c3sx : [0, 2, 4, 3]
csdg : [7, 4]
y : [9]
csdg : [5, 4]
iswap : [3, 7]
c3sx : [5, 2, 3, 8]
csdg : [2, 8]
sxdg : [3]
cy : [6, 7]
csx : [3, 6]
swap : [2, 8]
x : [1]
h : [6]
sx : [1]
rcccx : [3, 5, 4, 7]
csdg : [2, 5]
id : [2]
ccz : [9, 3, 8]
h : [1]
cx : [0, 2]
sdg : [8]
id : [9]
ch : [5, 7]
cz : [4, 6]
Durée d'exécution moyen: 12.364277719971142 ms
Temps simulation moyen : 12.127747535705566 ms
