nb_qbits = 10
nb_gates = 25
h : [0, 1, 2, 3, 4, 5, 6, 7, 8, 9]
sx : [2]
dcx : [7, 2]
h : [9]
x : [2]
z : [4]
sx : [9]
ch : [6, 8]
ccx : [1, 4, 9]
dcx : [5, 4]
ch : [4, 1]
cy : [5, 8]
swap : [1, 9]
tdg : [6]
cz : [8, 0]
reset : [9]
iswap : [0, 8]
cx : [7, 8]
t : [3]
swap : [4, 0]
cx : [4, 6]
ccz : [4, 3, 9]
csdg : [8, 3]
z : [3]
y : [4]
z : [1]
Duree d'execution moyen: 59.36480676998144 ms
Temps simulation moyen : 59.11716938018799 ms
