nb_qbits = 10
nb_gates = 25
h : [0, 1, 2, 3, 4, 5, 6, 7, 8, 9]
sdg : [3]
y : [4]
y : [2]
dcx : [2, 3]
dcx : [0, 7]
dcx : [2, 7]
swap : [7, 0]
id : [1]
ccz : [4, 7, 5]
tdg : [6]
cswap : [9, 5, 4]
s : [6]
rccx : [4, 2, 6]
z : [4]
iswap : [9, 8]
t : [0]
z : [7]
cz : [5, 0]
csx : [7, 5]
tdg : [8]
cx : [4, 2]
cy : [4, 2]
cswap : [5, 3, 4]
tdg : [6]
swap : [1, 0]
Duree d'execution moyen: 7.128946785012886 ms
Temps simulation moyen : 6.848042011260986 ms
