nb_qbits = 10
nb_gates = 25
h : [0, 1, 2, 3, 4, 5, 6, 7, 8, 9]
csx : [9, 6]
c3sx : [6, 3, 1, 0]
id : [5]
swap : [5, 9]
sxdg : [2]
x : [4]
ccx : [7, 6, 8]
sxdg : [8]
cswap : [4, 3, 9]
ccx : [7, 0, 8]
id : [3]
ccz : [2, 8, 1]
cy : [7, 5]
y : [3]
x : [0]
ccx : [5, 2, 4]
h : [0]
cswap : [8, 4, 2]
y : [2]
s : [1]
csx : [0, 3]
dcx : [1, 0]
y : [2]
reset : [4]
y : [6]
Duree d'execution moyen: 63.2321079983376 ms
Temps simulation moyen : 63.07612419128418 ms
