nb_qbits = 10
nb_gates = 25
h : [0, 1, 2, 3, 4, 5, 6, 7, 8, 9]
y : [1]
sdg : [5]
dcx : [6, 5]
swap : [3, 9]
z : [6]
t : [6]
iswap : [0, 5]
cs : [5, 2]
rcccx : [6, 7, 2, 4]
h : [3]
csx : [9, 6]
sdg : [3]
rcccx : [0, 2, 9, 7]
cy : [5, 1]
csx : [5, 6]
id : [6]
reset : [0]
cx : [4, 1]
csx : [8, 2]
csx : [7, 9]
sdg : [8]
ecr : [0, 5]
ccx : [7, 3, 5]
cx : [6, 4]
csx : [6, 2]
Duree d'execution moyen: 66.2985928199987 ms
Temps simulation moyen : 66.02920532226562 ms
