nb_qbits = 10
nb_gates = 25
h : [0, 1, 2, 3, 4, 5, 6, 7, 8, 9]
ccx : [1, 5, 2]
dcx : [8, 0]
rccx : [5, 7, 3]
csx : [1, 5]
cswap : [4, 1, 9]
cs : [7, 2]
reset : [8]
c3sx : [7, 8, 6, 2]
s : [3]
t : [3]
csx : [0, 2]
cswap : [4, 6, 9]
ccx : [3, 5, 8]
cz : [1, 5]
ccz : [2, 1, 3]
swap : [1, 6]
csx : [6, 3]
y : [6]
cswap : [6, 4, 5]
ecr : [9, 7]
sdg : [9]
sdg : [9]
iswap : [8, 0]
id : [3]
ccz : [5, 6, 7]
Duree d'execution moyen: 121.22580481000114 ms
Temps simulation moyen : 120.8843183517456 ms
