nb_qbits = 10
nb_gates = 25
h : [0, 1, 2, 3, 4, 5, 6, 7, 8, 9]
ccx : [7, 4, 3]
ecr : [0, 2]
x : [4]
id : [1]
cx : [5, 0]
cx : [2, 6]
t : [0]
cx : [4, 8]
id : [3]
sx : [9]
sxdg : [9]
csx : [9, 4]
y : [4]
z : [2]
swap : [3, 1]
x : [5]
ecr : [2, 5]
cz : [0, 7]
x : [3]
ccx : [8, 0, 4]
cy : [3, 1]
ecr : [5, 8]
ecr : [2, 0]
c3sx : [3, 5, 8, 1]
sdg : [2]
Duree d'execution moyen: 7.867293089930172 ms
Temps simulation moyen : 7.557101249694824 ms
