nb_qbits = 10
nb_gates = 25
h : [0, 1, 2, 3, 4, 5, 6, 7, 8, 9]
cz : [4, 5]
csdg : [9, 2]
sx : [9]
ecr : [7, 3]
ecr : [7, 4]
x : [3]
x : [4]
rcccx : [1, 3, 9, 5]
rcccx : [8, 1, 2, 6]
rcccx : [5, 6, 1, 3]
reset : [3]
cy : [7, 5]
t : [3]
csx : [4, 6]
h : [7]
rccx : [7, 0, 4]
sdg : [0]
c3sx : [3, 9, 6, 2]
cswap : [5, 7, 1]
ch : [2, 8]
ch : [6, 7]
csdg : [0, 7]
ch : [0, 1]
t : [0]
iswap : [5, 0]
Duree d'execution moyen: 103.46777952000366 ms
Temps simulation moyen : 103.11749458312988 ms
