nb_qbits = 10
nb_gates = 25
h : [0, 1, 2, 3, 4, 5, 6, 7, 8, 9]
cx : [2, 3]
x : [4]
id : [7]
h : [7]
cz : [4, 3]
ecr : [5, 6]
sx : [0]
cx : [9, 6]
z : [4]
sxdg : [1]
cs : [6, 3]
sxdg : [3]
t : [6]
s : [4]
y : [6]
swap : [1, 4]
csdg : [0, 3]
cy : [2, 0]
rccx : [6, 7, 2]
sx : [4]
cs : [7, 9]
ccz : [2, 4, 5]
c3sx : [4, 8, 2, 1]
csdg : [9, 0]
cx : [7, 4]
Duree d'execution moyen: 10.312237030002507 ms
Temps simulation moyen : 10.073082447052002 ms
