nb_qbits = 10
nb_gates = 25
h : [0, 1, 2, 3, 4, 5, 6, 7, 8, 9]
cswap : [6, 9, 5]
rccx : [8, 0, 7]
cs : [0, 9]
sx : [0]
dcx : [2, 5]
h : [6]
iswap : [0, 5]
swap : [7, 5]
z : [8]
ecr : [2, 9]
tdg : [8]
tdg : [2]
s : [4]
cs : [2, 4]
h : [9]
sxdg : [1]
cswap : [7, 4, 2]
reset : [3]
ccz : [8, 9, 2]
csdg : [6, 0]
sdg : [4]
reset : [0]
h : [2]
y : [6]
h : [7]
Duree d'execution moyen: 85.72710023999662 ms
Temps simulation moyen : 85.39068222045898 ms
