nb_qbits = 10
nb_gates = 25
h : [0, 1, 2, 3, 4, 5, 6, 7, 8, 9]
dcx : [5, 1]
cx : [3, 2]
sx : [0]
cz : [1, 2]
cz : [3, 8]
ch : [9, 4]
reset : [1]
csdg : [4, 8]
csx : [6, 7]
c3sx : [1, 4, 7, 9]
tdg : [3]
s : [9]
tdg : [8]
ch : [8, 0]
ccx : [7, 0, 4]
csdg : [3, 6]
reset : [1]
ch : [5, 4]
cs : [7, 2]
rcccx : [8, 2, 7, 1]
cy : [9, 2]
sdg : [5]
ch : [6, 4]
x : [9]
c3sx : [7, 1, 0, 4]
Duree d'execution moyen: 272.9340420011431 ms
Temps simulation moyen : 272.6856517791748 ms
