nb_qbits = 10
nb_gates = 25
h : [0, 1, 2, 3, 4, 5, 6, 7, 8, 9]
reset : [5]
dcx : [2, 4]
h : [7]
tdg : [5]
cs : [1, 3]
csdg : [9, 2]
t : [0]
tdg : [2]
s : [8]
h : [1]
h : [8]
sdg : [0]
rcccx : [9, 3, 8, 4]
z : [0]
cx : [8, 1]
csdg : [9, 0]
cy : [6, 0]
iswap : [3, 6]
h : [5]
sdg : [7]
s : [6]
iswap : [2, 8]
s : [6]
s : [3]
tdg : [0]
Duree d'execution moyen: 68.11835478999228 ms
Temps simulation moyen : 67.80438184738159 ms
