nb_qbits = 10
nb_gates = 25
h : [0, 1, 2, 3, 4, 5, 6, 7, 8, 9]
sxdg : [1]
sdg : [7]
cs : [5, 6]
cswap : [5, 2, 4]
cz : [9, 2]
iswap : [9, 1]
reset : [9]
csx : [3, 7]
csx : [4, 8]
ccx : [8, 5, 2]
sdg : [0]
iswap : [1, 8]
t : [8]
cswap : [4, 6, 5]
sxdg : [3]
ccz : [0, 6, 5]
cs : [8, 1]
cx : [9, 5]
cy : [2, 8]
z : [2]
cz : [8, 1]
sx : [6]
c3sx : [0, 6, 5, 8]
c3sx : [2, 5, 0, 3]
cy : [0, 6]
Duree d'execution moyen: 95.7067949499924 ms
Temps simulation moyen : 95.41045427322388 ms
