nb_qbits = 10
nb_gates = 25
h : [0, 1, 2, 3, 4, 5, 6, 7, 8, 9]
ccz : [3, 0, 8]
cz : [9, 0]
cx : [6, 2]
id : [0]
c3sx : [4, 2, 8, 6]
reset : [0]
t : [8]
dcx : [0, 2]
c3sx : [5, 8, 4, 1]
ch : [7, 9]
csdg : [9, 8]
ch : [9, 6]
reset : [9]
cz : [1, 0]
tdg : [3]
h : [8]
ecr : [3, 0]
swap : [1, 9]
rcccx : [6, 9, 4, 3]
csdg : [3, 1]
z : [7]
t : [5]
reset : [7]
cy : [4, 5]
ccz : [3, 1, 8]
Duree d'execution moyen: 162.48812693399847 ms
Temps simulation moyen : 162.1634533405304 ms
