nb_qbits = 10
nb_gates = 25
h : [0, 1, 2, 3, 4, 5, 6, 7, 8, 9]
cy : [3, 8]
swap : [8, 9]
csdg : [4, 1]
h : [6]
tdg : [0]
x : [7]
s : [5]
csx : [7, 8]
iswap : [2, 9]
csx : [8, 7]
rcccx : [6, 3, 8, 4]
x : [5]
rcccx : [5, 8, 1, 9]
tdg : [2]
csdg : [4, 9]
y : [0]
csx : [9, 2]
cy : [6, 8]
ecr : [0, 1]
t : [7]
sxdg : [3]
ccz : [5, 6, 7]
sxdg : [9]
h : [2]
ccz : [6, 7, 1]
Duree d'execution moyen: 6.879143159976593 ms
Temps simulation moyen : 6.344327926635742 ms
