nb_qbits = 10
nb_gates = 25
h : [0, 1, 2, 3, 4, 5, 6, 7, 8, 9]
ch : [3, 6]
sdg : [7]
dcx : [8, 2]
rcccx : [1, 0, 7, 5]
h : [1]
sx : [4]
t : [1]
cz : [6, 9]
h : [6]
cx : [5, 4]
sdg : [8]
ccz : [0, 6, 4]
ch : [7, 8]
cs : [0, 7]
dcx : [5, 8]
ch : [4, 2]
rcccx : [8, 1, 2, 4]
rcccx : [9, 2, 5, 8]
sxdg : [3]
sx : [6]
sdg : [4]
ch : [5, 6]
sxdg : [7]
ccz : [1, 8, 9]
ch : [3, 2]
Duree d'execution moyen: 12.195556769979703 ms
Temps simulation moyen : 11.8577241897583 ms
