nb_qbits = 10
nb_gates = 25
h : [0, 1, 2, 3, 4, 5, 6, 7, 8, 9]
z : [3]
c3sx : [7, 5, 2, 3]
x : [9]
swap : [7, 6]
sxdg : [6]
y : [0]
z : [7]
id : [6]
h : [8]
h : [6]
sxdg : [0]
t : [3]
swap : [4, 2]
cx : [4, 9]
dcx : [0, 8]
iswap : [5, 2]
cx : [9, 7]
iswap : [2, 8]
reset : [6]
cz : [4, 3]
sdg : [3]
cy : [1, 6]
cswap : [8, 5, 9]
reset : [2]
iswap : [9, 1]
Duree d'execution moyen: 73.86162509001224 ms
Temps simulation moyen : 73.55986595153809 ms
