nb_qbits = 10
nb_gates = 25
h : [0, 1, 2, 3, 4, 5, 6, 7, 8, 9]
sxdg : [4]
reset : [1]
ch : [7, 8]
swap : [4, 9]
csdg : [8, 0]
ccx : [3, 0, 1]
dcx : [1, 9]
tdg : [5]
dcx : [6, 1]
reset : [7]
cx : [8, 9]
sx : [1]
cz : [2, 7]
dcx : [5, 6]
csdg : [8, 5]
cswap : [6, 5, 2]
ccz : [5, 7, 9]
tdg : [1]
sxdg : [1]
cs : [3, 9]
reset : [2]
t : [9]
sxdg : [5]
sdg : [7]
csdg : [2, 3]
Duree d'execution moyen: 76.52894709999146 ms
Temps simulation moyen : 76.25957727432251 ms
