nb_qbits = 10
nb_gates = 25
h : [0, 1, 2, 3, 4, 5, 6, 7, 8, 9]
s : [5]
z : [6]
tdg : [0]
sx : [9]
sdg : [7]
x : [1]
id : [7]
h : [0]
ccx : [9, 3, 4]
ch : [2, 6]
dcx : [9, 5]
rcccx : [9, 0, 3, 6]
swap : [2, 1]
z : [6]
s : [5]
rccx : [2, 1, 9]
tdg : [8]
ecr : [2, 1]
y : [8]
h : [7]
dcx : [6, 7]
cz : [7, 5]
sx : [0]
t : [7]
x : [4]
Duree d'execution moyen: 8.220902180128178 ms
Temps simulation moyen : 7.977333068847656 ms
