nb_qbits = 10
nb_gates = 25
h : [0, 1, 2, 3, 4, 5, 6, 7, 8, 9]
cs : [6, 8]
swap : [3, 4]
tdg : [9]
sx : [9]
cy : [8, 6]
z : [2]
y : [0]
rccx : [3, 0, 1]
y : [9]
dcx : [9, 6]
x : [6]
s : [7]
cy : [0, 5]
tdg : [1]
ch : [2, 1]
z : [8]
ccx : [2, 1, 4]
rcccx : [0, 5, 7, 3]
sxdg : [0]
rcccx : [6, 5, 4, 8]
sx : [4]
ccx : [9, 1, 8]
z : [7]
cswap : [1, 9, 0]
sxdg : [2]
Duree d'execution moyen: 9.301306460399791 ms
Temps simulation moyen : 9.063645505905152 ms
