nb_qbits = 10
nb_gates = 25
h : [0, 1, 2, 3, 4, 5, 6, 7, 8, 9]
dcx : [2, 4]
id : [8]
ccx : [6, 9, 7]
rcccx : [7, 4, 0, 6]
ecr : [5, 9]
ccx : [2, 0, 3]
iswap : [4, 5]
dcx : [7, 6]
sxdg : [5]
cs : [5, 3]
cy : [9, 1]
sxdg : [1]
reset : [5]
iswap : [9, 5]
sxdg : [8]
ccz : [2, 5, 0]
id : [6]
csdg : [4, 2]
csdg : [3, 1]
x : [1]
h : [5]
ccz : [9, 0, 2]
csdg : [8, 2]
z : [7]
t : [4]
Duree d'execution moyen: 62.80587256000217 ms
Temps simulation moyen : 62.55331516265869 ms
