nb_qbits = 10
nb_gates = 25
h : [0, 1, 2, 3, 4, 5, 6, 7, 8, 9]
sxdg : [7]
ch : [1, 5]
sdg : [0]
iswap : [6, 5]
cy : [0, 9]
h : [4]
iswap : [7, 3]
rcccx : [2, 0, 3, 4]
csdg : [8, 7]
cz : [0, 2]
sx : [2]
dcx : [2, 6]
sxdg : [5]
sdg : [3]
rccx : [6, 4, 7]
id : [2]
iswap : [5, 9]
swap : [9, 3]
h : [4]
csx : [8, 6]
cy : [2, 6]
cswap : [7, 4, 0]
csx : [2, 9]
sxdg : [6]
s : [0]
Duree d'execution moyen: 5.857291989959776 ms
Temps simulation moyen : 5.744996070861816 ms
