nb_qbits = 10
nb_gates = 25
h : [0, 1, 2, 3, 4, 5, 6, 7, 8, 9]
swap : [7, 0]
s : [1]
x : [8]
h : [6]
cx : [7, 3]
sxdg : [2]
t : [6]
ccz : [6, 4, 0]
iswap : [4, 8]
sxdg : [1]
c3sx : [7, 5, 9, 0]
s : [4]
swap : [3, 5]
cx : [0, 4]
sx : [8]
rcccx : [8, 3, 7, 6]
csx : [2, 3]
sxdg : [2]
y : [7]
c3sx : [9, 6, 7, 1]
z : [3]
y : [4]
ch : [5, 4]
s : [4]
cs : [7, 3]
Duree d'execution moyen: 13.877444700001433 ms
Temps simulation moyen : 13.646039962768555 ms
