nb_qbits = 10
nb_gates = 25
h : [0, 1, 2, 3, 4, 5, 6, 7, 8, 9]
ccx : [6, 8, 9]
cx : [8, 5]
cy : [5, 8]
sxdg : [4]
s : [7]
swap : [7, 5]
y : [3]
cswap : [4, 6, 2]
iswap : [8, 9]
cz : [9, 1]
reset : [1]
c3sx : [8, 7, 3, 6]
s : [3]
h : [9]
ch : [2, 0]
t : [2]
dcx : [7, 3]
csx : [4, 0]
cs : [2, 6]
ccz : [3, 0, 6]
reset : [8]
sdg : [0]
c3sx : [4, 9, 0, 1]
z : [4]
cy : [8, 4]
Duree d'execution moyen: 85.10004740002387 ms
Temps simulation moyen : 84.84917402267456 ms
