nb_qbits = 10
nb_gates = 25
h : [0, 1, 2, 3, 4, 5, 6, 7, 8, 9]
swap : [7, 4]
y : [6]
ccx : [4, 6, 7]
ccz : [1, 7, 2]
dcx : [9, 1]
s : [6]
y : [4]
y : [7]
iswap : [7, 3]
rccx : [2, 1, 7]
rccx : [1, 0, 2]
cs : [8, 9]
y : [2]
ccz : [4, 0, 1]
cs : [1, 9]
dcx : [8, 3]
ch : [3, 2]
csx : [9, 7]
cy : [3, 4]
x : [9]
x : [7]
ccz : [7, 1, 4]
id : [4]
cx : [4, 1]
rccx : [6, 7, 1]
Duree d'execution moyen: 5.710915029885655 ms
Temps simulation moyen : 5.272092819213867 ms
