nb_qbits = 10
nb_gates = 25
h : [0, 1, 2, 3, 4, 5, 6, 7, 8, 9]
s : [0]
ecr : [6, 8]
tdg : [1]
rccx : [1, 3, 7]
reset : [0]
sxdg : [5]
x : [9]
iswap : [9, 6]
cx : [0, 8]
id : [1]
cswap : [6, 5, 7]
swap : [2, 3]
ccx : [3, 5, 1]
ecr : [7, 3]
t : [9]
swap : [8, 6]
swap : [6, 9]
sdg : [2]
ch : [6, 7]
h : [3]
cy : [6, 2]
ch : [8, 6]
ecr : [1, 9]
c3sx : [5, 2, 7, 8]
s : [2]
Duree d'execution moyen: 76.33760975003952 ms
Temps simulation moyen : 76.08461618423462 ms
