nb_qbits = 10
nb_gates = 25
h : [0, 1, 2, 3, 4, 5, 6, 7, 8, 9]
x : [1]
ecr : [7, 3]
sx : [5]
h : [8]
z : [0]
cz : [9, 6]
cs : [7, 1]
iswap : [4, 3]
tdg : [6]
cy : [9, 7]
cs : [5, 8]
y : [7]
ecr : [1, 2]
csdg : [3, 0]
cx : [6, 1]
reset : [7]
cs : [6, 4]
tdg : [1]
cx : [6, 9]
rccx : [7, 0, 1]
tdg : [1]
cy : [5, 3]
ccz : [9, 0, 6]
ch : [9, 0]
ecr : [9, 0]
Duree d'execution moyen: 101.42600520000997 ms
Temps simulation moyen : 100.92427015304565 ms
