nb_qbits = 10
nb_gates = 25
h : [0, 1, 2, 3, 4, 5, 6, 7, 8, 9]
ch : [4, 1]
ch : [0, 5]
t : [2]
sxdg : [3]
rccx : [2, 9, 6]
ccx : [4, 8, 6]
tdg : [1]
csx : [1, 7]
cswap : [6, 8, 2]
rcccx : [2, 8, 9, 0]
cx : [4, 5]
reset : [6]
y : [7]
cs : [5, 6]
dcx : [1, 9]
sx : [2]
cz : [6, 0]
dcx : [2, 4]
c3sx : [7, 6, 3, 2]
sx : [2]
cy : [7, 6]
tdg : [2]
x : [1]
cs : [4, 0]
cy : [1, 6]
Duree d'execution moyen: 79.61404897499847 ms
Temps simulation moyen : 79.33315396308899 ms
