nb_qbits = 10
nb_gates = 25
h : [0, 1, 2, 3, 4, 5, 6, 7, 8, 9]
sxdg : [1]
x : [9]
reset : [0]
cx : [9, 3]
sx : [2]
ecr : [4, 1]
sdg : [5]
s : [4]
cy : [8, 7]
s : [7]
y : [1]
csx : [9, 8]
rccx : [7, 6, 0]
ch : [1, 9]
s : [0]
dcx : [4, 7]
cz : [8, 2]
cswap : [0, 7, 3]
h : [1]
c3sx : [2, 0, 3, 8]
t : [4]
y : [6]
ccz : [9, 1, 6]
ccz : [9, 0, 5]
csdg : [3, 6]
Duree d'execution moyen: 67.56384994001564 ms
Temps simulation moyen : 67.32612371444702 ms
