nb_qbits = 10
nb_gates = 25
h : [0, 1, 2, 3, 4, 5, 6, 7, 8, 9]
t : [0]
ecr : [6, 7]
rccx : [9, 5, 1]
csdg : [4, 1]
ecr : [6, 7]
x : [1]
sxdg : [4]
reset : [9]
x : [7]
ecr : [3, 5]
s : [0]
ccz : [9, 4, 1]
id : [2]
cs : [7, 3]
x : [1]
id : [3]
ccx : [0, 4, 3]
sdg : [7]
cs : [1, 9]
ecr : [7, 6]
ccz : [9, 5, 8]
swap : [5, 0]
cx : [2, 9]
ecr : [0, 9]
ecr : [1, 5]
Duree d'execution moyen: 93.49073903000317 ms
Temps simulation moyen : 93.00376176834106 ms
