nb_qbits = 10
nb_gates = 25
h : [0, 1, 2, 3, 4, 5, 6, 7, 8, 9]
iswap : [2, 5]
dcx : [4, 6]
ccz : [8, 6, 5]
ccz : [1, 0, 6]
t : [6]
tdg : [4]
ecr : [7, 5]
dcx : [4, 5]
csdg : [1, 2]
iswap : [4, 9]
swap : [7, 9]
reset : [3]
sdg : [0]
rcccx : [8, 7, 1, 0]
t : [0]
t : [9]
ch : [0, 1]
swap : [4, 0]
rccx : [0, 7, 4]
s : [1]
rcccx : [8, 9, 2, 5]
ccx : [0, 4, 8]
cy : [1, 3]
cs : [6, 3]
id : [4]
Duree d'execution moyen: 86.25325080999573 ms
Temps simulation moyen : 85.94066143035889 ms
