nb_qbits = 10
nb_gates = 25
h : [0, 1, 2, 3, 4, 5, 6, 7, 8, 9]
tdg : [2]
tdg : [3]
ccx : [9, 0, 8]
rcccx : [7, 9, 0, 3]
ccz : [6, 0, 2]
y : [7]
y : [0]
sxdg : [5]
cy : [5, 7]
s : [3]
cy : [8, 7]
csx : [1, 3]
iswap : [2, 0]
cy : [3, 1]
tdg : [4]
ccx : [7, 5, 3]
cs : [5, 3]
sdg : [0]
sdg : [9]
cz : [0, 1]
sxdg : [4]
dcx : [7, 8]
sxdg : [1]
cswap : [7, 1, 3]
z : [0]
Duree d'execution moyen: 7.8206959620129055 ms
Temps simulation moyen : 7.549254655838013 ms
