nb_qbits = 10
nb_gates = 25
h : [0, 1, 2, 3, 4, 5, 6, 7, 8, 9]
rccx : [7, 8, 3]
ecr : [6, 0]
reset : [1]
rccx : [0, 2, 9]
rccx : [1, 8, 4]
reset : [3]
csdg : [7, 2]
rcccx : [8, 7, 1, 3]
csdg : [8, 2]
cx : [6, 7]
rccx : [7, 4, 0]
swap : [4, 7]
id : [7]
s : [4]
y : [1]
cs : [2, 1]
ccx : [0, 1, 5]
dcx : [9, 4]
swap : [1, 9]
sxdg : [5]
cswap : [9, 1, 4]
sx : [1]
s : [5]
swap : [2, 6]
c3sx : [3, 0, 9, 1]
Duree d'execution moyen: 81.31174399051815 ms
Temps simulation moyen : 81.03199481964111 ms
