nb_qbits = 10
nb_gates = 25
h : [0, 1, 2, 3, 4, 5, 6, 7, 8, 9]
ch : [7, 6]
z : [0]
cswap : [3, 9, 4]
sx : [1]
ch : [9, 0]
ccx : [0, 3, 7]
s : [6]
ccz : [8, 0, 7]
cy : [4, 8]
sxdg : [2]
cx : [4, 1]
ccx : [2, 4, 5]
swap : [6, 3]
ecr : [4, 2]
ccx : [2, 3, 4]
ccz : [4, 2, 1]
t : [6]
rcccx : [9, 0, 8, 7]
cx : [7, 4]
dcx : [2, 8]
h : [5]
z : [2]
id : [6]
ch : [3, 0]
rcccx : [4, 2, 6, 8]
Duree d'execution moyen: 9.878579379997063 ms
Temps simulation moyen : 9.531598091125488 ms
