nb_qbits = 10
nb_gates = 25
h : [0, 1, 2, 3, 4, 5, 6, 7, 8, 9]
t : [0]
ccx : [1, 3, 7]
ecr : [1, 3]
cz : [4, 3]
swap : [2, 3]
x : [4]
id : [0]
cswap : [2, 3, 4]
reset : [8]
id : [3]
rccx : [5, 9, 3]
z : [1]
rcccx : [0, 6, 8, 3]
cy : [7, 9]
h : [0]
ccx : [3, 6, 8]
cswap : [9, 3, 2]
cs : [5, 8]
t : [6]
h : [8]
sdg : [6]
rccx : [4, 7, 2]
ch : [9, 0]
cy : [1, 9]
cswap : [0, 1, 7]
Duree d'execution moyen: 63.044162629985294 ms
Temps simulation moyen : 62.756831645965576 ms
