nb_qbits = 10
nb_gates = 25
h : [0, 1, 2, 3, 4, 5, 6, 7, 8, 9]
y : [3]
cx : [7, 8]
reset : [9]
cz : [7, 8]
s : [6]
csdg : [2, 4]
z : [4]
csdg : [9, 7]
y : [7]
dcx : [1, 4]
csx : [9, 8]
swap : [5, 4]
x : [0]
sx : [9]
csdg : [5, 3]
cs : [4, 8]
ch : [0, 8]
id : [5]
tdg : [8]
cz : [2, 3]
sdg : [5]
dcx : [7, 9]
rcccx : [6, 4, 2, 7]
dcx : [6, 2]
c3sx : [7, 5, 8, 6]
Duree d'execution moyen: 88.61971063199917 ms
Temps simulation moyen : 88.30021548271179 ms
