nb_qbits = 10
nb_gates = 25
h : [0, 1, 2, 3, 4, 5, 6, 7, 8, 9]
rcccx : [0, 9, 3, 8]
csdg : [9, 1]
ecr : [1, 3]
cz : [6, 9]
reset : [3]
csx : [2, 6]
sdg : [7]
t : [9]
cz : [2, 9]
csdg : [5, 6]
reset : [0]
rcccx : [4, 2, 7, 3]
s : [1]
cs : [8, 0]
cx : [6, 8]
sdg : [4]
csdg : [2, 9]
sxdg : [0]
ecr : [0, 7]
rccx : [5, 0, 9]
csdg : [3, 0]
rcccx : [6, 5, 3, 1]
cswap : [8, 7, 1]
tdg : [6]
cs : [2, 0]
Duree d'execution moyen: 275.70636799093336 ms
Temps simulation moyen : 275.45594215393066 ms
