nb_qbits = 10
nb_gates = 25
h : [0, 1, 2, 3, 4, 5, 6, 7, 8, 9]
sx : [4]
ccx : [0, 2, 6]
cswap : [3, 5, 0]
cx : [6, 7]
ccz : [5, 9, 6]
rccx : [4, 5, 2]
rccx : [6, 9, 5]
swap : [4, 8]
x : [7]
ecr : [4, 0]
cy : [3, 6]
cs : [1, 3]
c3sx : [4, 8, 6, 2]
cz : [6, 0]
cs : [9, 2]
cs : [0, 7]
sx : [3]
reset : [6]
cz : [3, 1]
x : [1]
x : [5]
c3sx : [0, 9, 4, 6]
sx : [5]
rccx : [2, 6, 4]
z : [4]
Duree d'execution moyen: 122.90937047299941 ms
Temps simulation moyen : 122.51265168190002 ms
