nb_qbits = 10
nb_gates = 25
h : [0, 1, 2, 3, 4, 5, 6, 7, 8, 9]
iswap : [9, 8]
ch : [0, 3]
cswap : [2, 5, 7]
h : [6]
ecr : [8, 2]
x : [4]
id : [9]
csdg : [8, 5]
rccx : [4, 3, 7]
csdg : [1, 3]
sx : [4]
cx : [4, 3]
tdg : [1]
h : [9]
cs : [6, 5]
rcccx : [6, 8, 4, 3]
h : [1]
ccx : [3, 5, 9]
rcccx : [5, 3, 1, 6]
ecr : [6, 4]
iswap : [0, 1]
ch : [7, 1]
csx : [9, 1]
sdg : [7]
sx : [9]
Duree d'execution moyen: 10.95911698520199 ms
Temps simulation moyen : 10.711531066894532 ms
