nb_qbits = 10
nb_gates = 25
h : [0, 1, 2, 3, 4, 5, 6, 7, 8, 9]
sxdg : [6]
csdg : [4, 3]
cswap : [1, 9, 0]
iswap : [0, 2]
swap : [1, 3]
cz : [9, 0]
iswap : [4, 2]
reset : [5]
h : [8]
cz : [5, 9]
dcx : [7, 8]
sx : [6]
h : [6]
x : [4]
ccx : [2, 8, 3]
cz : [0, 9]
reset : [2]
rcccx : [9, 5, 0, 8]
ecr : [8, 5]
y : [4]
t : [0]
cy : [9, 3]
csx : [6, 8]
sdg : [9]
z : [8]
Duree d'execution moyen: 77.10018511200246 ms
Temps simulation moyen : 76.79567551612854 ms
