nb_qbits = 10
nb_gates = 25
h : [0, 1, 2, 3, 4, 5, 6, 7, 8, 9]
rcccx : [6, 3, 7, 2]
tdg : [4]
cz : [9, 5]
reset : [1]
dcx : [5, 7]
csdg : [1, 3]
sxdg : [0]
id : [5]
csx : [2, 8]
id : [1]
dcx : [7, 1]
csdg : [0, 5]
cy : [2, 6]
id : [0]
cx : [1, 0]
cy : [8, 3]
s : [5]
t : [9]
x : [5]
swap : [6, 3]
h : [0]
rccx : [6, 3, 4]
t : [6]
c3sx : [6, 9, 8, 3]
ch : [6, 5]
Duree d'execution moyen: 100.18955079099987 ms
Temps simulation moyen : 99.8866708278656 ms
