nb_qbits = 10
nb_gates = 25
h : [0, 1, 2, 3, 4, 5, 6, 7, 8, 9]
x : [4]
x : [2]
s : [4]
ccz : [0, 8, 1]
ccx : [9, 4, 6]
sx : [1]
x : [3]
cy : [9, 1]
csx : [9, 4]
id : [8]
dcx : [1, 8]
sdg : [2]
cswap : [4, 6, 9]
h : [6]
dcx : [4, 8]
dcx : [4, 9]
id : [4]
sx : [9]
cz : [0, 2]
rcccx : [2, 0, 9, 5]
dcx : [1, 9]
y : [6]
sdg : [0]
ccz : [8, 5, 1]
tdg : [5]
Duree d'execution moyen: 7.075518290030232 ms
Temps simulation moyen : 6.869852542877197 ms
