nb_qbits = 10
nb_gates = 25
h : [0, 1, 2, 3, 4, 5, 6, 7, 8, 9]
ecr : [8, 6]
swap : [2, 3]
ccx : [2, 4, 6]
id : [5]
iswap : [6, 5]
iswap : [7, 1]
swap : [8, 1]
id : [6]
cz : [9, 8]
s : [5]
swap : [6, 8]
sx : [1]
c3sx : [7, 1, 9, 5]
sdg : [9]
y : [2]
t : [7]
iswap : [7, 8]
h : [6]
tdg : [6]
ch : [4, 6]
c3sx : [4, 0, 8, 2]
t : [9]
ecr : [3, 2]
ccz : [0, 7, 1]
ccx : [1, 9, 5]
Duree d'execution moyen: 11.503195400032382 ms
Temps simulation moyen : 11.254589557647705 ms
