nb_qbits = 10
nb_gates = 25
h : [0, 1, 2, 3, 4, 5, 6, 7, 8, 9]
sdg : [4]
cy : [8, 0]
h : [4]
dcx : [2, 4]
c3sx : [0, 1, 8, 4]
sx : [9]
rcccx : [6, 7, 0, 5]
t : [8]
sxdg : [2]
id : [3]
sdg : [8]
cz : [4, 9]
tdg : [4]
rcccx : [1, 5, 3, 0]
csdg : [4, 5]
reset : [6]
ccz : [7, 4, 5]
iswap : [9, 4]
cy : [6, 0]
y : [0]
x : [9]
ch : [7, 8]
rccx : [4, 5, 9]
dcx : [9, 2]
sxdg : [5]
Durée d'exécution moyen: 101.16861593996873 ms
Temps simulation moyen : 100.85408687591553 ms
